v1:
N,tempo_op1_ms,tempo_op2_ms 
32,0.00251616,0.0027530193 
64,0.0029527593,0.0045809746 
128,0.04935184,0.047896981  
256,0.05856916,0.056770027  
512,0.26423152,0.26003802   
1000,1.0448814,1.037742  
2000,4.2565378,4.247318
4000,17.22922,17.393449 
8000,68.91688,69.573796
9000,87.26269,88.083041
10000,107.68262,108.709375
20000,430.73048,434.8375

v2:
N,tempo_op1_ms,tempo_op2_ms
32,0.0010794806,0.001372993
64,0.0017034388,0.0016509891
128,0.0032337594,0.0024630427
256,0.0058186412,0.0045890212
512,0.012462399,0.0088899732
1000,0.021304879,0.014160991
2000,0.05333904,0.04063201
4000,0.1105304,0.082602978
8000,0.24143492,0.17469597
9000,0.2791934,0.19809902
10000,0.3143664,0.22914404
20000,0.3004036,0.20639902
